1.228894051816592764e+03 8.741538151932683149e+02
1.228894051816592764e+03 9.157069014788637560e+02
1.229663553414474336e+03 9.895790548754780502e+02
1.475134563138640260e+03 9.965045692564106048e+02
1.509762135043303260e+03 9.834230420924268401e+02
1.510531636641184605e+03 1.041135661933531765e+03
1.428194965667875067e+03 1.088844761002178302e+03
1.375868857011940008e+03 1.072685227446668932e+03
1.242745080578458101e+03 1.008047093224631567e+03
1.151943892028453092e+03 1.065759713065736378e+03
1.135784358472943723e+03 8.880048439551334241e+02
1.324312249953886294e+03 8.741538151932683149e+02
1.183493457541590260e+03 8.372177384949611678e+02
1.586712294831442932e+03 9.472564669920011511e+02
1.515918147826354470e+03 1.165794920790318201e+03
1.315847732377190823e+03 1.145018377647520538e+03
1.425116959276349462e+03 1.189649470324641470e+03
1.047291674716582975e+03 1.166564422388199546e+03
1.182723955943708916e+03 1.078071738631838798e+03
