1.502808981674698089e+03 5.436223987314942860e+03
1.459289559531315035e+03 5.394556455475533767e+03
1.420399863147866199e+03 5.349185143028176753e+03
1.383362057068391323e+03 5.305665720884793700e+03
1.606514838697228015e+03 5.309369501492741620e+03
1.570402977769739891e+03 5.271405750261279536e+03
1.537068952298212480e+03 5.230664163573856968e+03
1.500957091370724356e+03 5.187144741430473914e+03
1.469474956203170677e+03 5.146403154743051346e+03
1.438918766187603751e+03 5.102883732599668292e+03
1.407436631020050072e+03 5.058438365304297804e+03
1.378732331308456878e+03 5.013992998008928225e+03
1.693553682983994349e+03 5.224182547509948563e+03
1.654663986600545513e+03 5.180663125366565509e+03
1.618552125673057390e+03 5.133439922615234536e+03
1.583366209897556246e+03 5.088068610167878433e+03
1.545402458666094390e+03 5.040845407416547459e+03
1.514846268650527463e+03 4.993622204665216486e+03
1.486141968938934269e+03 4.942695221305938503e+03
1.456511724075354323e+03 4.890842292794673995e+03
1.426881479211774376e+03 4.843619090043343022e+03
1.400955014956141895e+03 4.790840216380091078e+03
1.375028550700509413e+03 4.735283507260878650e+03
1.778740636966786951e+03 5.129736142007287526e+03
1.742628776039298828e+03 5.084364829559930513e+03
1.704665024807836971e+03 5.038993517112573500e+03
1.666701273576374888e+03 4.990844369209256001e+03
1.633367248104847476e+03 4.941769276153951978e+03
1.603737003241267530e+03 4.894546073402621005e+03
1.572254868073713624e+03 4.842693144891356496e+03
1.541698678058146925e+03 4.789914271228104553e+03
1.512994378346553731e+03 4.737135397564852610e+03
1.488919804394894982e+03 4.684356523901600667e+03
1.465771175595223212e+03 4.629725759934374764e+03
1.446326327403498681e+03 4.573243105663175811e+03
1.427807424363761129e+03 4.516760451391975948e+03
1.406510685868063092e+03 4.461203742272763520e+03
1.389843673132299273e+03 4.407498923457525052e+03
1.376880441004483146e+03 4.344534653122417694e+03
1.365769099180640524e+03 4.288977944003205266e+03
1.354657757356798129e+03 4.227865563972070959e+03
1.348176141292889952e+03 4.170456964548884571e+03
1.347250196140903199e+03 4.113048365125699092e+03
1.470400901355157430e+03 4.109344584517751173e+03
1.472252791659131162e+03 4.171382909700872005e+03
1.480586298027013072e+03 4.236199070339953323e+03
1.495401420458803159e+03 4.301941176131021166e+03
1.508364652586619286e+03 4.362127611010168039e+03
1.525957610474370085e+03 4.425091881345275397e+03
1.545402458666094390e+03 4.486204261376409704e+03
1.564847306857818694e+03 4.547316641407543102e+03
1.588921880809477443e+03 4.609354966590663935e+03
1.615774290217096905e+03 4.664911675709876363e+03
1.642626699624716139e+03 4.724172165437035801e+03
1.675034779944256798e+03 4.778802929404261704e+03
1.709294750567771189e+03 4.838989364283408577e+03
1.746332556647246292e+03 4.893620128250634480e+03
1.784296307878708149e+03 4.945473056761898988e+03
1.824111949414143737e+03 4.996400040121177881e+03
1.863001645797592573e+03 5.042697297720521419e+03
1.963003722212175035e+03 4.958436288889715797e+03
1.925965916132699931e+03 4.916768757050305794e+03
1.890780000357198787e+03 4.871397444602949690e+03
1.856520029733684396e+03 4.824174241851618717e+03
1.821334113958183025e+03 4.775099148796314694e+03
1.793555759398576811e+03 4.725098110589023236e+03
1.762999569383009884e+03 4.672319236925771293e+03
1.735221214823403670e+03 4.618614418110532824e+03
1.712072586023731901e+03 4.566761489599267406e+03
1.688923957224059905e+03 4.513056670784028938e+03
1.665775328424388135e+03 4.453796181056868591e+03
1.649108315688624316e+03 4.399165417089642688e+03
1.632441302952860724e+03 4.339904927362483249e+03
1.623181851432991834e+03 4.282496327939296862e+03
1.612070509609149440e+03 4.224161783364123949e+03
1.600959167785306818e+03 4.167679129092924086e+03
1.597255387177359353e+03 4.112122419973711658e+03
1.723183927847574296e+03 4.097307297541921798e+03
1.727813653607508741e+03 4.157493732421068671e+03
1.733369324519429938e+03 4.217680167300215544e+03
1.744480666343272560e+03 4.276940657027375892e+03
1.763925514534996864e+03 4.336201146754535330e+03
1.779666582118773704e+03 4.393609746177721718e+03
1.802815210918445700e+03 4.449166455296934146e+03
1.825037894566130717e+03 4.510278835328068453e+03
1.850038413669776219e+03 4.563983654143306921e+03
1.875964877925408700e+03 4.617688472958545390e+03
1.906521067940975627e+03 4.672319236925771293e+03
1.941706983716476770e+03 4.726950000892997195e+03
1.973189118884030677e+03 4.776951039100287744e+03
2.009300979811518800e+03 4.822322351547644757e+03
2.049116621346954162e+03 4.867693663995001771e+03
2.124118178657891349e+03 4.770469423036380249e+03
2.088006317730403225e+03 4.724172165437035801e+03
2.052820401954902081e+03 4.681578688445640182e+03
2.020412321635361195e+03 4.633429540542322684e+03
1.992633967075754981e+03 4.580650666879070741e+03
1.966707502820122500e+03 4.531575573823765808e+03
1.937077257956542553e+03 4.476944809856540815e+03
1.914854574308857536e+03 4.426943771649249356e+03
1.899113506725080697e+03 4.369535172226062969e+03
1.884298384293290610e+03 4.314904408258837066e+03
1.867631371557526791e+03 4.261199589443598597e+03
1.856520029733684396e+03 4.200087209412465199e+03
1.844482742757855021e+03 4.144530500293252771e+03
1.838001126693946844e+03 4.087121900870066384e+03
2.314862879967187382e+03 4.586206337790991711e+03
2.277825073887712279e+03 4.538983135039661647e+03
2.245416993568172074e+03 4.490833987136344149e+03
2.216712693856578881e+03 4.439907003777065256e+03
2.191712174752933151e+03 4.385276239809840263e+03
2.171341381409221867e+03 4.333423311298574845e+03
2.150970588065510583e+03 4.279718492483336377e+03
2.134303575329746764e+03 4.224161783364123949e+03
2.122266288353917389e+03 4.165827238788951036e+03
2.111154946530074994e+03 4.107492694213777213e+03
2.103747385314180065e+03 4.052861930246551765e+03
2.229675925984394780e+03 4.051010039942578260e+03
2.238935377504263670e+03 4.107492694213777213e+03
2.248194829024132559e+03 4.163975348484977076e+03
2.265787786911882904e+03 4.221383947908163464e+03
2.281528854495660198e+03 4.274162821571415407e+03
2.303751538143344987e+03 4.329719530690627835e+03
2.327826112095003737e+03 4.380646514049905818e+03
2.361160137566531375e+03 4.429721607105209841e+03
2.392642272734085054e+03 4.476018864704553380e+03
1.519475994410461908e+03 2.571349687067551713e+03
1.477808462571052587e+03 2.613017218906961261e+03
1.436140930731643039e+03 2.662092311962265740e+03
1.400029069804154915e+03 2.703759843801674833e+03
1.605588893545241262e+03 2.669499873178160669e+03
1.567625142313779406e+03 2.711167405017569763e+03
1.534291116842251768e+03 2.749131156249031847e+03
1.500031146218737376e+03 2.790798688088441395e+03
1.466697120747209965e+03 2.835244055383811428e+03
1.435214985579656286e+03 2.876911587223220522e+03
1.407436631020050072e+03 2.922282899670577535e+03
1.377806386156469898e+03 2.965802321813960589e+03
1.692627737832007597e+03 2.759316552920887261e+03
1.657441822056506226e+03 2.801910029912283790e+03
1.615774290217096905e+03 2.847281342359640803e+03
1.583366209897556246e+03 2.892652654806997361e+03
1.549106239274041855e+03 2.940801802710314860e+03
1.513920323498540711e+03 2.988950950613632358e+03
1.485216023786947517e+03 3.036174153364962876e+03
1.452807943467406858e+03 3.089878972180201799e+03
1.426881479211774376e+03 3.138028120083519298e+03
1.399103124652168162e+03 3.191732938898758221e+03
1.376880441004483146e+03 3.243585867410023184e+03
1.775962801510826239e+03 2.852837013271561773e+03
1.739850940583338115e+03 2.897282380566931806e+03
1.700961244199889279e+03 2.942653693014288820e+03
1.667627218728361868e+03 2.993580676373566803e+03
1.630589412648886764e+03 3.037100098516949856e+03
1.600959167785306818e+03 3.087101136724241314e+03
1.569477032617753139e+03 3.138028120083519298e+03
1.544476513514107410e+03 3.191732938898758221e+03
1.513920323498540711e+03 3.243585867410023184e+03
1.488919804394894982e+03 3.295438795921288147e+03
1.463919285291249253e+03 3.352847395344474535e+03
1.445400382251511928e+03 3.407478159311699983e+03
1.423177698603826911e+03 3.462108923278925431e+03
1.407436631020050072e+03 3.518591577550124839e+03
1.395399344044220697e+03 3.577852067277285187e+03
1.380584221612430611e+03 3.636186611852458100e+03
1.368546934636601236e+03 3.693595211275644488e+03
1.358361537964745594e+03 3.750077865546843896e+03
1.350953976748850664e+03 3.811190245577977294e+03
1.343546415532955507e+03 3.869524790153150661e+03
1.869483261861500523e+03 2.939875857558327880e+03
1.823186004262156757e+03 2.988025005461645378e+03
1.784296307878708149e+03 3.036174153364962876e+03
1.748184446951220025e+03 3.094508697940136244e+03
1.710220695719758169e+03 3.144509736147427247e+03
1.676886670248230530e+03 3.199140500114653150e+03
1.644478589928690099e+03 3.255623154385852558e+03
1.614848345065109925e+03 3.314883644113012451e+03
1.591699716265438155e+03 3.375070078992159324e+03
1.565773252009805674e+03 3.433404623567332692e+03
1.546328403818081142e+03 3.498220784206413555e+03
1.526883555626356838e+03 3.555629383629599943e+03
1.510216542890593018e+03 3.615815818508746815e+03
1.494475475306816179e+03 3.681557924299815113e+03
1.483364133482973784e+03 3.745448139786909451e+03
1.475956572267078627e+03 3.809338355274003789e+03
1.469474956203170677e+03 3.872302625609111146e+03
1.599107277481333085e+03 3.868598845001163681e+03
1.606514838697228015e+03 3.813968081033938233e+03
1.615774290217096905e+03 3.755633536458764866e+03
1.623181851432991834e+03 3.700076827339552437e+03
1.638922919016768674e+03 3.642668227916366050e+03
1.654663986600545513e+03 3.584333683341193137e+03
1.670405054184322580e+03 3.530628864525954214e+03
1.692627737832007597e+03 3.473220265102768280e+03
1.712998531175718654e+03 3.418589501135542378e+03
1.737073105127377403e+03 3.365810627472290435e+03
1.762999569383009884e+03 3.311179863505064986e+03
1.789851978790629346e+03 3.258400989841813043e+03
1.824111949414143737e+03 3.207474006482535060e+03
1.856520029733684396e+03 3.163028639187165027e+03
1.892631890661172520e+03 3.111175710675900064e+03
1.924114025828726199e+03 3.066730343380530030e+03
1.963929667364161787e+03 3.021359030933173017e+03
2.050042566498941142e+03 3.117657326739808013e+03
2.013930705571453018e+03 3.162102694035178047e+03
1.975041009188004409e+03 3.210251841938495545e+03
1.939855093412503038e+03 3.259326934993800023e+03
1.905595122788988647e+03 3.312105808657051966e+03
1.876890823077395680e+03 3.361180901712356444e+03
1.849112468517789466e+03 3.416737610831568873e+03
1.822260059110170005e+03 3.473220265102768280e+03
1.801889265766458720e+03 3.533406699981915153e+03
1.781518472422747436e+03 3.587111518797153622e+03
1.763925514534996864e+03 3.646372008524313514e+03
1.749110392103206777e+03 3.703780607947499902e+03
1.737999050279364383e+03 3.763041097674659795e+03
1.725961763303535008e+03 3.822301587401820143e+03
1.719480147239626831e+03 3.881562077128980036e+03
1.838927071845933824e+03 3.892673418952822431e+03
1.845408687909841774e+03 3.838042654985596982e+03
1.857445974885671149e+03 3.778782165258436635e+03
1.866705426405540038e+03 3.725077346443198167e+03
1.882446493989316878e+03 3.671372527627959244e+03
1.898187561573093717e+03 3.611186092748812371e+03
1.918558354916805001e+03 3.555629383629599943e+03
1.942632928868463750e+03 3.502850509966348000e+03
1.966707502820122500e+03 3.452849471759056996e+03
1.991708021923768001e+03 3.400070598095805053e+03
2.020412321635361195e+03 3.352847395344474535e+03
2.053746347106888607e+03 3.300994466833209572e+03
2.088932262882390205e+03 3.253771264081878599e+03
2.125044123809878329e+03 3.211177787090482525e+03
2.312085044511226897e+03 3.395440872335870608e+03
2.274121293279764814e+03 3.441738129935214147e+03
2.243565103264198115e+03 3.491739168142505605e+03
2.215786748704591901e+03 3.538962370893836123e+03
2.189860284448959192e+03 3.594519080013048551e+03
2.166711655649287422e+03 3.646372008524313514e+03
2.145414917153589158e+03 3.702854662795512922e+03
2.130599794721799299e+03 3.757485426762738825e+03
2.117636562593982944e+03 3.814894026185924758e+03
2.109303056226101035e+03 3.869524790153150661e+03
2.100969549858219580e+03 3.926933389576337049e+03
2.234305651744329225e+03 3.930637170184284514e+03
2.238009432352276690e+03 3.875080461065071631e+03
2.248194829024132559e+03 3.816745916489898718e+03
2.261158061151948914e+03 3.762115152522673270e+03
2.280602909343673218e+03 3.706558443403460387e+03
2.300973702687384502e+03 3.652853624588221919e+03
2.327826112095003737e+03 3.600074750924969976e+03
2.359308247262557416e+03 3.550999657869665498e+03
2.391716327582098074e+03 3.503776455118334979e+03
